time of part1 = 0.972436 s
91
182
273
364
455
546
637
728
819
910
1001
1092
1183
1274
1365
1456
1547
1638
1729
1820
1911
2002
2093
2184
2275
2366
2457
2548
2639
2730
2821
2912
3003
3094
3185
3276
3367
3458
3549
3640
3731
3822
3913
4004
4095
4186
4277
4368
4459
4550
4641
4732
4823
4914
5005
5096
5187
5278
5369
5460
5551
5642
5733
5824
5915
6006
6097
6188
6279
6370
6461
6552
6643
6734
6825
6916
7007
7098
7189
7280
7371
7462
7553
7644
7735
7826
7917
8008
8099
8190
8281
8372
8463
8554
8645
8736
8827
8918
9009
9100
9191
9282
9373
9464
9555
9646
9737
9828
9919
10010
10101
10192
10283
10374
10465
10556
10647
10738
10829
10920
11011
11102
11193
11284
11375
11466
11557
11648
11739
11830
11921
12012
12103
12194
12285
12376
12467
12558
12649
12740
12831
12922
13013
13104
13195
13286
13377
13468
13559
13650
13741
13832
13923
14014
14105
14196
14287
14378
14469
14560
14651
14742
14833
14924
15015
15106
15197
15288
15379
15470
15561
15652
15743
15834
15925
16016
16107
16198
16289
16380
16471
16562
16653
16744
16835
16926
17017
17108
17199
17290
17381
17472
17563
17654
17745
17836
17927
18018
18109
18200
18291
18382
18473
18564
18655
18746
18837
18928
19019
19110
19201
19292
19383
19474
19565
19656
19747
19838
19929
20020
20111
20202
20293
20384
20475
20566
20657
20748
20839
20930
21021
21112
21203
21294
21385
21476
21567
21658
21749
21840
21931
22022
22113
22204
22295
22386
22477
22568
22659
22750
22841
22932
23023
23114
23205
23296
23387
23478
23569
23660
23751
23842
23933
24024
24115
24206
24297
24388
24479
24570
24661
24752
24843
24934
25025
25116
25207
25298
25389
25480
25571
25662
25753
25844
25935
26026
26117
26208
26299
26390
26481
26572
26663
26754
26845
26936
27027
27118
27209
27300
27391
27482
27573
27664
27755
27846
27937
28028
28119
28210
28301
28392
28483
28574
28665
28756
28847
28938
29029
29120
29211
29302
29393
29484
29575
29666
29757
29848
29939
30030
30121
30212
30303
30394
30485
30576
30667
30758
30849
30940
31031
31122
31213
31304
31395
31486
31577
31668
31759
31850
31941
32032
32123
32214
32305
32396
32487
32578
32669
32760
32851
32942
33033
33124
33215
33306
33397
33488
33579
33670
33761
33852
33943
34034
34125
34216
34307
34398
34489
34580
34671
34762
34853
34944
35035
35126
35217
35308
35399
35490
35581
35672
35763
35854
35945
36036
36127
36218
36309
36400
36491
36582
36673
36764
36855
36946
37037
37128
37219
37310
37401
37492
37583
37674
37765
37856
37947
38038
38129
38220
38311
38402
38493
38584
38675
38766
38857
38948
39039
39130
39221
39312
39403
39494
39585
39676
39767
39858
39949
40040
40131
40222
40313
40404
40495
40586
40677
40768
40859
40950
41041
41132
41223
41314
41405
41496
41587
41678
41769
41860
41951
42042
42133
42224
42315
42406
42497
42588
42679
42770
42861
42952
43043
43134
43225
43316
43407
43498
43589
43680
43771
43862
43953
44044
44135
44226
44317
44408
44499
44590
44681
44772
44863
44954
45045
45136
45227
45318
45409
45500
45591
45682
45773
45864
45955
46046
46137
46228
46319
46410
46501
46592
46683
46774
46865
46956
47047
47138
47229
47320
47411
47502
47593
47684
47775
47866
47957
48048
48139
48230
48321
48412
48503
48594
48685
48776
48867
48958
49049
49140
49231
49322
49413
49504
49595
49686
49777
49868
49959
50050
50141
50232
50323
50414
50505
50596
50687
50778
50869
50960
51051
51142
51233
51324
51415
51506
51597
51688
51779
51870
51961
52052
52143
52234
52325
52416
52507
52598
52689
52780
52871
52962
53053
53144
53235
53326
53417
53508
53599
53690
53781
53872
53963
54054
54145
54236
54327
54418
54509
54600
54691
54782
54873
54964
55055
55146
55237
55328
55419
55510
55601
55692
55783
55874
55965
56056
56147
56238
56329
56420
56511
56602
56693
56784
56875
56966
57057
57148
57239
57330
57421
57512
57603
57694
57785
57876
57967
58058
58149
58240
58331
58422
58513
58604
58695
58786
58877
58968
59059
59150
59241
59332
59423
59514
59605
59696
59787
59878
59969
60060
60151
60242
60333
60424
60515
60606
60697
60788
60879
60970
61061
61152
61243
61334
61425
61516
61607
61698
61789
61880
61971
62062
62153
62244
62335
62426
62517
62608
62699
62790
62881
62972
63063
63154
63245
63336
63427
63518
63609
63700
63791
63882
63973
64064
64155
64246
64337
64428
64519
64610
64701
64792
64883
64974
65065
65156
65247
65338
65429
65520
65611
65702
65793
65884
65975
66066
66157
66248
66339
66430
66521
66612
66703
66794
66885
66976
67067
67158
67249
67340
67431
67522
67613
67704
67795
67886
67977
68068
68159
68250
68341
68432
68523
68614
68705
68796
68887
68978
69069
69160
69251
69342
69433
69524
69615
69706
69797
69888
69979
70070
70161
70252
70343
70434
70525
70616
70707
70798
70889
70980
71071
71162
71253
71344
71435
71526
71617
71708
71799
71890
71981
72072
72163
72254
72345
72436
72527
72618
72709
72800
72891
72982
73073
73164
73255
73346
73437
73528
73619
73710
73801
73892
73983
74074
74165
74256
74347
74438
74529
74620
74711
74802
74893
74984
75075
75166
75257
75348
75439
75530
75621
75712
75803
75894
75985
76076
76167
76258
76349
76440
76531
76622
76713
76804
76895
76986
77077
77168
77259
77350
77441
77532
77623
77714
77805
77896
77987
78078
78169
78260
78351
78442
78533
78624
78715
78806
78897
78988
79079
79170
79261
79352
79443
79534
79625
79716
79807
79898
79989
80080
80171
80262
80353
80444
80535
80626
80717
80808
80899
80990
81081
81172
81263
81354
81445
81536
81627
81718
81809
81900
81991
82082
82173
82264
82355
82446
82537
82628
82719
82810
82901
82992
83083
83174
83265
83356
83447
83538
83629
83720
83811
83902
83993
84084
84175
84266
84357
84448
84539
84630
84721
84812
84903
84994
85085
85176
85267
85358
85449
85540
85631
85722
85813
85904
85995
86086
86177
86268
86359
86450
86541
86632
86723
86814
86905
86996
87087
87178
87269
87360
87451
87542
87633
87724
87815
87906
87997
88088
88179
88270
88361
88452
88543
88634
88725
88816
88907
88998
89089
89180
89271
89362
89453
89544
89635
89726
89817
89908
89999
90090
90181
90272
90363
90454
90545
90636
90727
90818
90909
91000
91091
91182
91273
91364
91455
91546
91637
91728
91819
91910
92001
92092
92183
92274
92365
92456
92547
92638
92729
92820
92911
93002
93093
93184
93275
93366
93457
93548
93639
93730
93821
93912
94003
94094
94185
94276
94367
94458
94549
94640
94731
94822
94913
95004
95095
95186
95277
95368
95459
95550
95641
95732
95823
95914
96005
96096
96187
96278
96369
96460
96551
96642
96733
96824
96915
97006
97097
97188
97279
97370
97461
97552
97643
97734
97825
97916
98007
98098
98189
98280
98371
98462
98553
98644
98735
98826
98917
99008
99099
99190
99281
99372
99463
99554
99645
99736
99827
99918
100009
100100
100191
100282
100373
100464
100555
100646
100737
100828
100919
101010
101101
101192
101283
101374
101465
101556
101647
101738
101829
101920
102011
102102
102193
102284
102375
102466
102557
102648
102739
102830
102921
103012
103103
103194
103285
103376
103467
103558
103649
103740
103831
103922
104013
104104
104195
104286
104377
104468
104559
104650
104741
104832
104923
105014
105105
105196
105287
105378
105469
105560
105651
105742
105833
105924
106015
106106
106197
106288
106379
106470
106561
106652
106743
106834
106925
107016
107107
107198
107289
107380
107471
107562
107653
107744
107835
107926
108017
108108
108199
108290
108381
108472
108563
108654
108745
108836
108927
109018
109109
109200
109291
109382
109473
109564
109655
109746
109837
109928
110019
110110
110201
110292
110383
110474
110565
110656
110747
110838
110929
111020
111111
111202
111293
111384
111475
111566
111657
111748
111839
111930
112021
112112
112203
112294
112385
112476
112567
112658
112749
112840
112931
113022
113113
113204
113295
113386
113477
113568
113659
113750
113841
113932
114023
114114
114205
114296
114387
114478
114569
114660
114751
114842
114933
115024
115115
115206
115297
115388
115479
115570
115661
115752
115843
115934
116025
116116
116207
116298
116389
116480
116571
116662
116753
116844
116935
117026
117117
117208
117299
117390
117481
117572
117663
117754
117845
117936
118027
118118
118209
118300
118391
118482
118573
118664
118755
118846
118937
119028
119119
119210
119301
119392
119483
119574
119665
119756
119847
119938
120029
120120
120211
120302
120393
120484
120575
120666
120757
120848
120939
121030
121121
121212
121303
121394
121485
121576
121667
121758
121849
121940
122031
122122
122213
122304
122395
122486
122577
122668
122759
122850
122941
123032
123123
123214
123305
123396
123487
123578
123669
123760
123851
123942
124033
124124
124215
124306
124397
124488
124579
124670
124761
124852
124943
125034
125125
125216
125307
125398
125489
125580
125671
125762
125853
125944
126035
126126
126217
126308
126399
126490
126581
126672
126763
126854
126945
127036
127127
127218
127309
127400
127491
127582
127673
127764
127855
127946
128037
128128
128219
128310
128401
128492
128583
128674
128765
128856
128947
129038
129129
129220
129311
129402
129493
129584
129675
129766
129857
129948
130039
130130
130221
130312
130403
130494
130585
130676
130767
130858
130949
131040
131131
131222
131313
131404
131495
131586
131677
131768
131859
131950
132041
132132
132223
132314
132405
132496
132587
132678
132769
132860
132951
133042
133133
133224
133315
133406
133497
133588
133679
133770
133861
133952
134043
134134
134225
134316
134407
134498
134589
134680
134771
134862
134953
135044
135135
135226
135317
135408
135499
135590
135681
135772
135863
135954
136045
136136
136227
136318
136409
136500
136591
136682
136773
136864
136955
137046
137137
137228
137319
137410
137501
137592
137683
137774
137865
137956
138047
138138
138229
138320
138411
138502
138593
138684
138775
138866
138957
139048
139139
139230
139321
139412
139503
139594
139685
139776
139867
139958
140049
140140
140231
140322
140413
140504
140595
140686
140777
140868
140959
141050
141141
141232
141323
141414
141505
141596
141687
141778
141869
141960
142051
142142
142233
142324
142415
142506
142597
142688
142779
142870
142961
143052
143143
143234
143325
143416
143507
143598
143689
143780
143871
143962
144053
144144
144235
144326
144417
144508
144599
144690
144781
144872
144963
145054
145145
145236
145327
145418
145509
145600
145691
145782
145873
145964
146055
146146
146237
146328
146419
146510
146601
146692
146783
146874
146965
147056
147147
147238
147329
147420
147511
147602
147693
147784
147875
147966
148057
148148
148239
148330
148421
148512
148603
148694
148785
148876
148967
149058
149149
149240
149331
149422
149513
149604
149695
149786
149877
149968
150059
150150
150241
150332
150423
150514
150605
150696
150787
150878
150969
151060
151151
151242
151333
151424
151515
151606
151697
151788
151879
151970
152061
152152
152243
152334
152425
152516
152607
152698
152789
152880
152971
153062
153153
153244
153335
153426
153517
153608
153699
153790
153881
153972
154063
154154
154245
154336
154427
154518
154609
154700
154791
154882
154973
155064
155155
155246
155337
155428
155519
155610
155701
155792
155883
155974
156065
156156
156247
156338
156429
156520
156611
156702
156793
156884
156975
157066
157157
157248
157339
157430
157521
157612
157703
157794
157885
157976
158067
158158
158249
158340
158431
158522
158613
158704
158795
158886
158977
159068
159159
159250
159341
159432
159523
159614
159705
159796
159887
159978
160069
160160
160251
160342
160433
160524
160615
160706
160797
160888
160979
161070
161161
161252
161343
161434
161525
161616
161707
161798
161889
161980
162071
162162
162253
162344
162435
162526
162617
162708
162799
162890
162981
163072
163163
163254
163345
163436
163527
163618
163709
163800
163891
163982
164073
164164
164255
164346
164437
164528
164619
164710
164801
164892
164983
165074
165165
165256
165347
165438
165529
165620
165711
165802
165893
165984
166075
166166
166257
166348
166439
166530
166621
166712
166803
166894
166985
167076
167167
167258
167349
167440
167531
167622
167713
167804
167895
167986
168077
168168
168259
168350
168441
168532
168623
168714
168805
168896
168987
169078
169169
169260
169351
169442
169533
169624
169715
169806
169897
169988
170079
170170
170261
170352
170443
170534
170625
170716
170807
170898
170989
171080
171171
171262
171353
171444
171535
171626
171717
171808
171899
171990
172081
172172
172263
172354
172445
172536
172627
172718
172809
172900
172991
173082
173173
173264
173355
173446
173537
173628
173719
173810
173901
173992
174083
174174
174265
174356
174447
174538
174629
174720
174811
174902
174993
175084
175175
175266
175357
175448
175539
175630
175721
175812
175903
175994
176085
176176
176267
176358
176449
176540
176631
176722
176813
176904
176995
177086
177177
177268
177359
177450
177541
177632
177723
177814
177905
177996
178087
178178
178269
178360
178451
178542
178633
178724
178815
178906
178997
179088
179179
179270
179361
179452
179543
179634
179725
179816
179907
179998
180089
180180
180271
180362
180453
180544
180635
180726
180817
180908
180999
181090
181181
181272
181363
181454
181545
181636
181727
181818
181909
182000
182091
182182
182273
182364
182455
182546
182637
182728
182819
182910
183001
183092
183183
183274
183365
183456
183547
183638
183729
183820
183911
184002
184093
184184
184275
184366
184457
184548
184639
184730
184821
184912
185003
185094
185185
185276
185367
185458
185549
185640
185731
185822
185913
186004
186095
186186
186277
186368
186459
186550
186641
186732
186823
186914
187005
187096
187187
187278
187369
187460
187551
187642
187733
187824
187915
188006
188097
188188
188279
188370
188461
188552
188643
188734
188825
188916
189007
189098
189189
189280
189371
189462
189553
189644
189735
189826
189917
190008
190099
190190
190281
190372
190463
190554
190645
190736
190827
190918
191009
191100
191191
191282
191373
191464
191555
191646
191737
191828
191919
192010
192101
192192
192283
192374
192465
192556
192647
192738
192829
192920
193011
193102
193193
193284
193375
193466
193557
193648
193739
193830
193921
194012
194103
194194
194285
194376
194467
194558
194649
194740
194831
194922
195013
195104
195195
195286
195377
195468
195559
195650
195741
195832
195923
196014
196105
196196
196287
196378
196469
196560
196651
196742
196833
196924
197015
197106
197197
197288
197379
197470
197561
197652
197743
197834
197925
198016
198107
198198
198289
198380
198471
198562
198653
198744
198835
198926
199017
199108
199199
199290
199381
199472
199563
199654
199745
199836
199927
200018
200109
200200
200291
200382
200473
200564
200655
200746
200837
200928
201019
201110
201201
201292
201383
201474
201565
201656
201747
201838
201929
202020
202111
202202
202293
202384
202475
202566
202657
202748
202839
202930
203021
203112
203203
203294
203385
203476
203567
203658
203749
203840
203931
204022
204113
204204
204295
204386
204477
204568
204659
204750
204841
204932
205023
205114
205205
205296
205387
205478
205569
205660
205751
205842
205933
206024
206115
206206
206297
206388
206479
206570
206661
206752
206843
206934
207025
207116
207207
207298
207389
207480
207571
207662
207753
207844
207935
208026
208117
208208
208299
208390
208481
208572
208663
208754
208845
208936
209027
209118
209209
209300
209391
209482
209573
209664
209755
209846
209937
210028
210119
210210
210301
210392
210483
210574
210665
210756
210847
210938
211029
211120
211211
211302
211393
211484
211575
211666
211757
211848
211939
212030
212121
212212
212303
212394
212485
212576
212667
212758
212849
212940
213031
213122
213213
213304
213395
213486
213577
213668
213759
213850
213941
214032
214123
214214
214305
214396
214487
214578
214669
214760
214851
214942
215033
215124
215215
215306
215397
215488
215579
215670
215761
215852
215943
216034
216125
216216
216307
216398
216489
216580
216671
216762
216853
216944
217035
217126
217217
217308
217399
217490
217581
217672
217763
217854
217945
218036
218127
218218
218309
218400
218491
218582
218673
218764
218855
218946
219037
219128
219219
219310
219401
219492
219583
219674
219765
219856
219947
220038
220129
220220
220311
220402
220493
220584
220675
220766
220857
220948
221039
221130
221221
221312
221403
221494
221585
221676
221767
221858
221949
222040
222131
222222
222313
222404
222495
222586
222677
222768
222859
222950
223041
223132
223223
223314
223405
223496
223587
223678
223769
223860
223951
224042
224133
224224
224315
224406
224497
224588
224679
224770
224861
224952
225043
225134
225225
225316
225407
225498
225589
225680
225771
225862
225953
226044
226135
226226
226317
226408
226499
226590
226681
226772
226863
226954
227045
227136
227227
227318
227409
227500
227591
227682
227773
227864
227955
228046
228137
228228
228319
228410
228501
228592
228683
228774
228865
228956
229047
229138
229229
229320
229411
229502
229593
229684
229775
229866
229957
230048
230139
230230
230321
230412
230503
230594
230685
230776
230867
230958
231049
231140
231231
231322
231413
231504
231595
231686
231777
231868
231959
232050
232141
232232
232323
232414
232505
232596
232687
232778
232869
232960
233051
233142
233233
233324
233415
233506
233597
233688
233779
233870
233961
234052
234143
234234
234325
234416
234507
234598
234689
234780
234871
234962
235053
235144
235235
235326
235417
235508
235599
235690
235781
235872
235963
236054
236145
236236
236327
236418
236509
236600
236691
236782
236873
236964
237055
237146
237237
237328
237419
237510
237601
237692
237783
237874
237965
238056
238147
238238
238329
238420
238511
238602
238693
238784
238875
238966
239057
239148
239239
239330
239421
239512
239603
239694
239785
239876
239967
240058
240149
240240
240331
240422
240513
240604
240695
240786
240877
240968
241059
241150
241241
241332
241423
241514
241605
241696
241787
241878
241969
242060
242151
242242
242333
242424
242515
242606
242697
242788
242879
242970
243061
243152
243243
243334
243425
243516
243607
243698
243789
243880
243971
244062
244153
244244
244335
244426
244517
244608
244699
244790
244881
244972
245063
245154
245245
245336
245427
245518
245609
245700
245791
245882
245973
246064
246155
246246
246337
246428
246519
246610
246701
246792
246883
246974
247065
247156
247247
247338
247429
247520
247611
247702
247793
247884
247975
248066
248157
248248
248339
248430
248521
248612
248703
248794
248885
248976
249067
249158
249249
249340
249431
249522
249613
249704
249795
249886
249977
250068
250159
250250
250341
250432
250523
250614
250705
250796
250887
250978
251069
251160
251251
251342
251433
251524
251615
251706
251797
251888
251979
252070
252161
252252
252343
252434
252525
252616
252707
252798
252889
252980
253071
253162
253253
253344
253435
253526
253617
253708
253799
253890
253981
254072
254163
254254
254345
254436
254527
254618
254709
254800
254891
254982
255073
255164
255255
255346
255437
255528
255619
255710
255801
255892
255983
256074
256165
256256
256347
256438
256529
256620
256711
256802
256893
256984
257075
257166
257257
257348
257439
257530
257621
257712
257803
257894
257985
258076
258167
258258
258349
258440
258531
258622
258713
258804
258895
258986
259077
259168
259259
259350
259441
259532
259623
259714
259805
259896
259987
260078
260169
260260
260351
260442
260533
260624
260715
260806
260897
260988
261079
261170
261261
261352
261443
261534
261625
261716
261807
261898
261989
262080
262171
262262
262353
262444
262535
262626
262717
262808
262899
262990
263081
263172
263263
263354
263445
263536
263627
263718
263809
263900
263991
264082
264173
264264
264355
264446
264537
264628
264719
264810
264901
264992
265083
265174
265265
265356
265447
265538
265629
265720
265811
265902
265993
266084
266175
266266
266357
266448
266539
266630
266721
266812
266903
266994
267085
267176
267267
267358
267449
267540
267631
267722
267813
267904
267995
268086
268177
268268
268359
268450
268541
268632
268723
268814
268905
268996
269087
269178
269269
269360
269451
269542
269633
269724
269815
269906
269997
270088
270179
270270
270361
270452
270543
270634
270725
270816
270907
270998
271089
271180
271271
271362
271453
271544
271635
271726
271817
271908
271999
272090
272181
272272
272363
272454
272545
272636
272727
272818
272909
273000
273091
273182
273273
273364
273455
273546
273637
273728
273819
273910
274001
274092
274183
274274
274365
274456
274547
274638
274729
274820
274911
275002
275093
275184
275275
275366
275457
275548
275639
275730
275821
275912
276003
276094
276185
276276
276367
276458
276549
276640
276731
276822
276913
277004
277095
277186
277277
277368
277459
277550
277641
277732
277823
277914
278005
278096
278187
278278
278369
278460
278551
278642
278733
278824
278915
279006
279097
279188
279279
279370
279461
279552
279643
279734
279825
279916
280007
280098
280189
280280
280371
280462
280553
280644
280735
280826
280917
281008
281099
281190
281281
281372
281463
281554
281645
281736
281827
281918
282009
282100
282191
282282
282373
282464
282555
282646
282737
282828
282919
283010
283101
283192
283283
283374
283465
283556
283647
283738
283829
283920
284011
284102
284193
284284
284375
284466
284557
284648
284739
284830
284921
285012
285103
285194
285285
285376
285467
285558
285649
285740
285831
285922
286013
286104
286195
286286
286377
286468
286559
286650
286741
286832
286923
287014
287105
287196
287287
287378
287469
287560
287651
287742
287833
287924
288015
288106
288197
288288
288379
288470
288561
288652
288743
288834
288925
289016
289107
289198
289289
289380
289471
289562
289653
289744
289835
289926
290017
290108
290199
290290
290381
290472
290563
290654
290745
290836
290927
291018
291109
291200
291291
291382
291473
291564
291655
291746
291837
291928
292019
292110
292201
292292
292383
292474
292565
292656
292747
292838
292929
293020
293111
293202
293293
293384
293475
293566
293657
293748
293839
293930
294021
294112
294203
294294
294385
294476
294567
294658
294749
294840
294931
295022
295113
295204
295295
295386
295477
295568
295659
295750
295841
295932
296023
296114
296205
296296
296387
296478
296569
296660
296751
296842
296933
297024
297115
297206
297297
297388
297479
297570
297661
297752
297843
297934
298025
298116
298207
298298
298389
298480
298571
298662
298753
298844
298935
299026
299117
299208
299299
299390
299481
299572
299663
299754
299845
299936
300027
300118
300209
300300
300391
300482
300573
300664
300755
300846
300937
301028
301119
301210
301301
301392
301483
301574
301665
301756
301847
301938
302029
302120
302211
302302
302393
302484
302575
302666
302757
302848
302939
303030
303121
303212
303303
303394
303485
303576
303667
303758
303849
303940
304031
304122
304213
304304
304395
304486
304577
304668
304759
304850
304941
305032
305123
305214
305305
305396
305487
305578
305669
305760
305851
305942
306033
306124
306215
306306
306397
306488
306579
306670
306761
306852
306943
307034
307125
307216
307307
307398
307489
307580
307671
307762
307853
307944
308035
308126
308217
308308
308399
308490
308581
308672
308763
308854
308945
309036
309127
309218
309309
309400
309491
309582
309673
309764
309855
309946
310037
310128
310219
310310
310401
310492
310583
310674
310765
310856
310947
311038
311129
311220
311311
311402
311493
311584
311675
311766
311857
311948
312039
312130
312221
312312
312403
312494
312585
312676
312767
312858
312949
313040
313131
313222
313313
313404
313495
313586
313677
313768
313859
313950
314041
314132
314223
314314
314405
314496
314587
314678
314769
314860
314951
315042
315133
315224
315315
315406
315497
315588
315679
315770
315861
315952
316043
316134
316225
316316
316407
316498
316589
316680
316771
316862
316953
317044
317135
317226
317317
317408
317499
317590
317681
317772
317863
317954
318045
318136
318227
318318
318409
318500
318591
318682
318773
318864
318955
319046
319137
319228
319319
319410
319501
319592
319683
319774
319865
319956
320047
320138
320229
320320
320411
320502
320593
320684
320775
320866
320957
321048
321139
321230
321321
321412
321503
321594
321685
321776
321867
321958
322049
322140
322231
322322
322413
322504
322595
322686
322777
322868
322959
323050
323141
323232
323323
323414
323505
323596
323687
323778
323869
323960
324051
324142
324233
324324
324415
324506
324597
324688
324779
324870
324961
325052
325143
325234
325325
325416
325507
325598
325689
325780
325871
325962
326053
326144
326235
326326
326417
326508
326599
326690
326781
326872
326963
327054
327145
327236
327327
327418
327509
327600
327691
327782
327873
327964
328055
328146
328237
328328
328419
328510
328601
328692
328783
328874
328965
329056
329147
329238
329329
329420
329511
329602
329693
329784
329875
329966
330057
330148
330239
330330
330421
330512
330603
330694
330785
330876
330967
331058
331149
331240
331331
331422
331513
331604
331695
331786
331877
331968
332059
332150
332241
332332
332423
332514
332605
332696
332787
332878
332969
333060
333151
333242
333333
333424
333515
333606
333697
333788
333879
333970
334061
334152
334243
334334
334425
334516
334607
334698
334789
334880
334971
335062
335153
335244
335335
335426
335517
335608
335699
335790
335881
335972
336063
336154
336245
336336
336427
336518
336609
336700
336791
336882
336973
337064
337155
337246
337337
337428
337519
337610
337701
337792
337883
337974
338065
338156
338247
338338
338429
338520
338611
338702
338793
338884
338975
339066
339157
339248
339339
339430
339521
339612
339703
339794
339885
339976
340067
340158
340249
340340
340431
340522
340613
340704
340795
340886
340977
341068
341159
341250
341341
341432
341523
341614
341705
341796
341887
341978
342069
342160
342251
342342
342433
342524
342615
342706
342797
342888
342979
343070
343161
343252
343343
343434
343525
343616
343707
343798
343889
343980
344071
344162
344253
344344
344435
344526
344617
344708
344799
344890
344981
345072
345163
345254
345345
345436
345527
345618
345709
345800
345891
345982
346073
346164
346255
346346
346437
346528
346619
346710
346801
346892
346983
347074
347165
347256
347347
347438
347529
347620
347711
347802
347893
347984
348075
348166
348257
348348
348439
348530
348621
348712
348803
348894
348985
349076
349167
349258
349349
349440
349531
349622
349713
349804
349895
349986
350077
350168
350259
350350
350441
350532
350623
350714
350805
350896
350987
351078
351169
351260
351351
351442
351533
351624
351715
351806
351897
351988
352079
352170
352261
352352
352443
352534
352625
352716
352807
352898
352989
353080
353171
353262
353353
353444
353535
353626
353717
353808
353899
353990
354081
354172
354263
354354
354445
354536
354627
354718
354809
354900
354991
355082
355173
355264
355355
355446
355537
355628
355719
355810
355901
355992
356083
356174
356265
356356
356447
356538
356629
356720
356811
356902
356993
357084
357175
357266
357357
357448
357539
357630
357721
357812
357903
357994
358085
358176
358267
358358
358449
358540
358631
358722
358813
358904
358995
359086
359177
359268
359359
359450
359541
359632
359723
359814
359905
359996
360087
360178
360269
360360
360451
360542
360633
360724
360815
360906
360997
361088
361179
361270
361361
361452
361543
361634
361725
361816
361907
361998
362089
362180
362271
362362
362453
362544
362635
362726
362817
362908
362999
363090
363181
363272
363363
363454
363545
363636
363727
363818
363909
364000
364091
364182
364273
364364
364455
364546
364637
364728
364819
364910
365001
365092
365183
365274
365365
365456
365547
365638
365729
365820
365911
366002
366093
366184
366275
366366
366457
366548
366639
366730
366821
366912
367003
367094
367185
367276
367367
367458
367549
367640
367731
367822
367913
368004
368095
368186
368277
368368
368459
368550
368641
368732
368823
368914
369005
369096
369187
369278
369369
369460
369551
369642
369733
369824
369915
370006
370097
370188
370279
370370
370461
370552
370643
370734
370825
370916
371007
371098
371189
371280
371371
371462
371553
371644
371735
371826
371917
372008
372099
372190
372281
372372
372463
372554
372645
372736
372827
372918
373009
373100
373191
373282
373373
373464
373555
373646
373737
373828
373919
374010
374101
374192
374283
374374
374465
374556
374647
374738
374829
374920
375011
375102
375193
375284
375375
375466
375557
375648
375739
375830
375921
376012
376103
376194
376285
376376
376467
376558
376649
376740
376831
376922
377013
377104
377195
377286
377377
377468
377559
377650
377741
377832
377923
378014
378105
378196
378287
378378
378469
378560
378651
378742
378833
378924
379015
379106
379197
379288
379379
379470
379561
379652
379743
379834
379925
380016
380107
380198
380289
380380
380471
380562
380653
380744
380835
380926
381017
381108
381199
381290
381381
381472
381563
381654
381745
381836
381927
382018
382109
382200
382291
382382
382473
382564
382655
382746
382837
382928
383019
383110
383201
383292
383383
383474
383565
383656
383747
383838
383929
384020
384111
384202
384293
384384
384475
384566
384657
384748
384839
384930
385021
385112
385203
385294
385385
385476
385567
385658
385749
385840
385931
386022
386113
386204
386295
386386
386477
386568
386659
386750
386841
386932
387023
387114
387205
387296
387387
387478
387569
387660
387751
387842
387933
388024
388115
388206
388297
388388
388479
388570
388661
388752
388843
388934
389025
389116
389207
389298
389389
389480
389571
389662
389753
389844
389935
390026
390117
390208
390299
390390
390481
390572
390663
390754
390845
390936
391027
391118
391209
391300
391391
391482
391573
391664
391755
391846
391937
392028
392119
392210
392301
392392
392483
392574
392665
392756
392847
392938
393029
393120
393211
393302
393393
393484
393575
393666
393757
393848
393939
394030
394121
394212
394303
394394
394485
394576
394667
394758
394849
394940
395031
395122
395213
395304
395395
395486
395577
395668
395759
395850
395941
396032
396123
396214
396305
396396
396487
396578
396669
396760
396851
396942
397033
397124
397215
397306
397397
397488
397579
397670
397761
397852
397943
398034
398125
398216
398307
398398
398489
398580
398671
398762
398853
398944
399035
399126
399217
399308
399399
399490
399581
399672
399763
399854
399945
400036
400127
400218
400309
400400
400491
400582
400673
400764
400855
400946
401037
401128
401219
401310
401401
401492
401583
401674
401765
401856
401947
402038
402129
402220
402311
402402
402493
402584
402675
402766
402857
402948
403039
403130
403221
403312
403403
403494
403585
403676
403767
403858
403949
404040
404131
404222
404313
404404
404495
404586
404677
404768
404859
404950
405041
405132
405223
405314
405405
405496
405587
405678
405769
405860
405951
406042
406133
406224
406315
406406
406497
406588
406679
406770
406861
406952
407043
407134
407225
407316
407407
407498
407589
407680
407771
407862
407953
408044
408135
408226
408317
408408
408499
408590
408681
408772
408863
408954
409045
409136
409227
409318
409409
409500
409591
409682
409773
409864
409955
410046
410137
410228
410319
410410
410501
410592
410683
410774
410865
410956
411047
411138
411229
411320
411411
411502
411593
411684
411775
411866
411957
412048
412139
412230
412321
412412
412503
412594
412685
412776
412867
412958
413049
413140
413231
413322
413413
413504
413595
413686
413777
413868
413959
414050
414141
414232
414323
414414
414505
414596
414687
414778
414869
414960
415051
415142
415233
415324
415415
415506
415597
415688
415779
415870
415961
416052
416143
416234
416325
416416
416507
416598
416689
416780
416871
416962
417053
417144
417235
417326
417417
417508
417599
417690
417781
417872
417963
418054
418145
418236
418327
418418
418509
418600
418691
418782
418873
418964
419055
419146
419237
419328
419419
419510
419601
419692
419783
419874
419965
420056
420147
420238
420329
420420
420511
420602
420693
420784
420875
420966
421057
421148
421239
421330
421421
421512
421603
421694
421785
421876
421967
422058
422149
422240
422331
422422
422513
422604
422695
422786
422877
422968
423059
423150
423241
423332
423423
423514
423605
423696
423787
423878
423969
424060
424151
424242
424333
424424
424515
424606
424697
424788
424879
424970
425061
425152
425243
425334
425425
425516
425607
425698
425789
425880
425971
426062
426153
426244
426335
426426
426517
426608
426699
426790
426881
426972
427063
427154
427245
427336
427427
427518
427609
427700
427791
427882
427973
428064
428155
428246
428337
428428
428519
428610
428701
428792
428883
428974
429065
429156
429247
429338
429429
429520
429611
429702
429793
429884
429975
430066
430157
430248
430339
430430
430521
430612
430703
430794
430885
430976
431067
431158
431249
431340
431431
431522
431613
431704
431795
431886
431977
432068
432159
432250
432341
432432
432523
432614
432705
432796
432887
432978
433069
433160
433251
433342
433433
433524
433615
433706
433797
433888
433979
434070
434161
434252
434343
434434
434525
434616
434707
434798
434889
434980
435071
435162
435253
435344
435435
435526
435617
435708
435799
435890
435981
436072
436163
436254
436345
436436
436527
436618
436709
436800
436891
436982
437073
437164
437255
437346
437437
437528
437619
437710
437801
437892
437983
438074
438165
438256
438347
438438
438529
438620
438711
438802
438893
438984
439075
439166
439257
439348
439439
439530
439621
439712
439803
439894
439985
440076
440167
440258
440349
440440
440531
440622
440713
440804
440895
440986
441077
441168
441259
441350
441441
441532
441623
441714
441805
441896
441987
442078
442169
442260
442351
442442
442533
442624
442715
442806
442897
442988
443079
443170
443261
443352
443443
443534
443625
443716
443807
443898
443989
444080
444171
444262
444353
444444
444535
444626
444717
444808
444899
444990
445081
445172
445263
445354
445445
445536
445627
445718
445809
445900
445991
446082
446173
446264
446355
446446
446537
446628
446719
446810
446901
446992
447083
447174
447265
447356
447447
447538
447629
447720
447811
447902
447993
448084
448175
448266
448357
448448
448539
448630
448721
448812
448903
448994
449085
449176
449267
449358
449449
449540
449631
449722
449813
449904
449995
450086
450177
450268
450359
450450
450541
450632
450723
450814
450905
450996
451087
451178
451269
451360
451451
451542
451633
451724
451815
451906
451997
452088
452179
452270
452361
452452
452543
452634
452725
452816
452907
452998
453089
453180
453271
453362
453453
453544
453635
453726
453817
453908
453999
454090
454181
454272
454363
454454
454545
454636
454727
454818
454909
455000
455091
455182
455273
455364
455455
455546
455637
455728
455819
455910
456001
456092
456183
456274
456365
456456
456547
456638
456729
456820
456911
457002
457093
457184
457275
457366
457457
457548
457639
457730
457821
457912
458003
458094
458185
458276
458367
458458
458549
458640
458731
458822
458913
459004
459095
459186
459277
459368
459459
459550
459641
459732
459823
459914
460005
460096
460187
460278
460369
460460
460551
460642
460733
460824
460915
461006
461097
461188
461279
461370
461461
461552
461643
461734
461825
461916
462007
462098
462189
462280
462371
462462
462553
462644
462735
462826
462917
463008
463099
463190
463281
463372
463463
463554
463645
463736
463827
463918
464009
464100
464191
464282
464373
464464
464555
464646
464737
464828
464919
465010
465101
465192
465283
465374
465465
465556
465647
465738
465829
465920
466011
466102
466193
466284
466375
466466
466557
466648
466739
466830
466921
467012
467103
467194
467285
467376
467467
467558
467649
467740
467831
467922
468013
468104
468195
468286
468377
468468
468559
468650
468741
468832
468923
469014
469105
469196
469287
469378
469469
469560
469651
469742
469833
469924
470015
470106
470197
470288
470379
470470
470561
470652
470743
470834
470925
471016
471107
471198
471289
471380
471471
471562
471653
471744
471835
471926
472017
472108
472199
472290
472381
472472
472563
472654
472745
472836
472927
473018
473109
473200
473291
473382
473473
473564
473655
473746
473837
473928
474019
474110
474201
474292
474383
474474
474565
474656
474747
474838
474929
475020
475111
475202
475293
475384
475475
475566
475657
475748
475839
475930
476021
476112
476203
476294
476385
476476
476567
476658
476749
476840
476931
477022
477113
477204
477295
477386
477477
477568
477659
477750
477841
477932
478023
478114
478205
478296
478387
478478
478569
478660
478751
478842
478933
479024
479115
479206
479297
479388
479479
479570
479661
479752
479843
479934
480025
480116
480207
480298
480389
480480
480571
480662
480753
480844
480935
481026
481117
481208
481299
481390
481481
481572
481663
481754
481845
481936
482027
482118
482209
482300
482391
482482
482573
482664
482755
482846
482937
483028
483119
483210
483301
483392
483483
483574
483665
483756
483847
483938
484029
484120
484211
484302
484393
484484
484575
484666
484757
484848
484939
485030
485121
485212
485303
485394
485485
485576
485667
485758
485849
485940
486031
486122
486213
486304
486395
486486
486577
486668
486759
486850
486941
487032
487123
487214
487305
487396
487487
487578
487669
487760
487851
487942
488033
488124
488215
488306
488397
488488
488579
488670
488761
488852
488943
489034
489125
489216
489307
489398
489489
489580
489671
489762
489853
489944
490035
490126
490217
490308
490399
490490
490581
490672
490763
490854
490945
491036
491127
491218
491309
491400
491491
491582
491673
491764
491855
491946
492037
492128
492219
492310
492401
492492
492583
492674
492765
492856
492947
493038
493129
493220
493311
493402
493493
493584
493675
493766
493857
493948
494039
494130
494221
494312
494403
494494
494585
494676
494767
494858
494949
495040
495131
495222
495313
495404
495495
495586
495677
495768
495859
495950
496041
496132
496223
496314
496405
496496
496587
496678
496769
496860
496951
497042
497133
497224
497315
497406
497497
497588
497679
497770
497861
497952
498043
498134
498225
498316
498407
498498
498589
498680
498771
498862
498953
499044
499135
499226
499317
499408
499499
499590
499681
499772
499863
499954
500045
500136
500227
500318
500409
500500
500591
500682
500773
500864
500955
501046
501137
501228
501319
501410
501501
501592
501683
501774
501865
501956
502047
502138
502229
502320
502411
502502
502593
502684
502775
502866
502957
503048
503139
503230
503321
503412
503503
503594
503685
503776
503867
503958
504049
504140
504231
504322
504413
504504
504595
504686
504777
504868
504959
505050
505141
505232
505323
505414
505505
505596
505687
505778
505869
505960
506051
506142
506233
506324
506415
506506
506597
506688
506779
506870
506961
507052
507143
507234
507325
507416
507507
507598
507689
507780
507871
507962
508053
508144
508235
508326
508417
508508
508599
508690
508781
508872
508963
509054
509145
509236
509327
509418
509509
509600
509691
509782
509873
509964
510055
510146
510237
510328
510419
510510
510601
510692
510783
510874
510965
511056
511147
511238
511329
511420
511511
511602
511693
511784
511875
511966
512057
512148
512239
512330
512421
512512
512603
512694
512785
512876
512967
513058
513149
513240
513331
513422
513513
513604
513695
513786
513877
513968
514059
514150
514241
514332
514423
514514
514605
514696
514787
514878
514969
515060
515151
515242
515333
515424
515515
515606
515697
515788
515879
515970
516061
516152
516243
516334
516425
516516
516607
516698
516789
516880
516971
517062
517153
517244
517335
517426
517517
517608
517699
517790
517881
517972
518063
518154
518245
518336
518427
518518
518609
518700
518791
518882
518973
519064
519155
519246
519337
519428
519519
519610
519701
519792
519883
519974
520065
520156
520247
520338
520429
520520
520611
520702
520793
520884
520975
521066
521157
521248
521339
521430
521521
521612
521703
521794
521885
521976
522067
522158
522249
522340
522431
522522
522613
522704
522795
522886
522977
523068
523159
523250
523341
523432
523523
523614
523705
523796
523887
523978
524069
524160
524251
524342
524433
524524
524615
524706
524797
524888
524979
525070
525161
525252
525343
525434
525525
525616
525707
525798
525889
525980
526071
526162
526253
526344
526435
526526
526617
526708
526799
526890
526981
527072
527163
527254
527345
527436
527527
527618
527709
527800
527891
527982
528073
528164
528255
528346
528437
528528
528619
528710
528801
528892
528983
529074
529165
529256
529347
529438
529529
529620
529711
529802
529893
529984
530075
530166
530257
530348
530439
530530
530621
530712
530803
530894
530985
531076
531167
531258
531349
531440
531531
531622
531713
531804
531895
531986
532077
532168
532259
532350
532441
532532
532623
532714
532805
532896
532987
533078
533169
533260
533351
533442
533533
533624
533715
533806
533897
533988
534079
534170
534261
534352
534443
534534
534625
534716
534807
534898
534989
535080
535171
535262
535353
535444
535535
535626
535717
535808
535899
535990
536081
536172
536263
536354
536445
536536
536627
536718
536809
536900
536991
537082
537173
537264
537355
537446
537537
537628
537719
537810
537901
537992
538083
538174
538265
538356
538447
538538
538629
538720
538811
538902
538993
539084
539175
539266
539357
539448
539539
539630
539721
539812
539903
539994
540085
540176
540267
540358
540449
540540
540631
540722
540813
540904
540995
541086
541177
541268
541359
541450
541541
541632
541723
541814
541905
541996
542087
542178
542269
542360
542451
542542
542633
542724
542815
542906
542997
543088
543179
543270
543361
543452
543543
543634
543725
543816
543907
543998
544089
544180
544271
544362
544453
544544
544635
544726
544817
544908
544999
545090
545181
545272
545363
545454
545545
545636
545727
545818
545909
546000
546091
546182
546273
546364
546455
546546
546637
546728
546819
546910
547001
547092
547183
547274
547365
547456
547547
547638
547729
547820
547911
548002
548093
548184
548275
548366
548457
548548
548639
548730
548821
548912
549003
549094
549185
549276
549367
549458
549549
549640
549731
549822
549913
550004
550095
550186
550277
550368
550459
550550
550641
550732
550823
550914
551005
551096
551187
551278
551369
551460
551551
551642
551733
551824
551915
552006
552097
552188
552279
552370
552461
552552
552643
552734
552825
552916
553007
553098
553189
553280
553371
553462
553553
553644
553735
553826
553917
554008
554099
554190
554281
554372
554463
554554
554645
554736
554827
554918
555009
555100
555191
555282
555373
555464
555555
555646
555737
555828
555919
556010
556101
556192
556283
556374
556465
556556
556647
556738
556829
556920
557011
557102
557193
557284
557375
557466
557557
557648
557739
557830
557921
558012
558103
558194
558285
558376
558467
558558
558649
558740
558831
558922
559013
559104
559195
559286
559377
559468
559559
559650
559741
559832
559923
560014
560105
560196
560287
560378
560469
560560
560651
560742
560833
560924
561015
561106
561197
561288
561379
561470
561561
561652
561743
561834
561925
562016
562107
562198
562289
562380
562471
562562
562653
562744
562835
562926
563017
563108
563199
563290
563381
563472
563563
563654
563745
563836
563927
564018
564109
564200
564291
564382
564473
564564
564655
564746
564837
564928
565019
565110
565201
565292
565383
565474
565565
565656
565747
565838
565929
566020
566111
566202
566293
566384
566475
566566
566657
566748
566839
566930
567021
567112
567203
567294
567385
567476
567567
567658
567749
567840
567931
568022
568113
568204
568295
568386
568477
568568
568659
568750
568841
568932
569023
569114
569205
569296
569387
569478
569569
569660
569751
569842
569933
570024
570115
570206
570297
570388
570479
570570
570661
570752
570843
570934
571025
571116
571207
571298
571389
571480
571571
571662
571753
571844
571935
572026
572117
572208
572299
572390
572481
572572
572663
572754
572845
572936
573027
573118
573209
573300
573391
573482
573573
573664
573755
573846
573937
574028
574119
574210
574301
574392
574483
574574
574665
574756
574847
574938
575029
575120
575211
575302
575393
575484
575575
575666
575757
575848
575939
576030
576121
576212
576303
576394
576485
576576
576667
576758
576849
576940
577031
577122
577213
577304
577395
577486
577577
577668
577759
577850
577941
578032
578123
578214
578305
578396
578487
578578
578669
578760
578851
578942
579033
579124
579215
579306
579397
579488
579579
579670
579761
579852
579943
580034
580125
580216
580307
580398
580489
580580
580671
580762
580853
580944
581035
581126
581217
581308
581399
581490
581581
581672
581763
581854
581945
582036
582127
582218
582309
582400
582491
582582
582673
582764
582855
582946
583037
583128
583219
583310
583401
583492
583583
583674
583765
583856
583947
584038
584129
584220
584311
584402
584493
584584
584675
584766
584857
584948
585039
585130
585221
585312
585403
585494
585585
585676
585767
585858
585949
586040
586131
586222
586313
586404
586495
586586
586677
586768
586859
586950
587041
587132
587223
587314
587405
587496
587587
587678
587769
587860
587951
588042
588133
588224
588315
588406
588497
588588
588679
588770
588861
588952
589043
589134
589225
589316
589407
589498
589589
589680
589771
589862
589953
590044
590135
590226
590317
590408
590499
590590
590681
590772
590863
590954
591045
591136
591227
591318
591409
591500
591591
591682
591773
591864
591955
592046
592137
592228
592319
592410
592501
592592
592683
592774
592865
592956
593047
593138
593229
593320
593411
593502
593593
593684
593775
593866
593957
594048
594139
594230
594321
594412
594503
594594
594685
594776
594867
594958
595049
595140
595231
595322
595413
595504
595595
595686
595777
595868
595959
596050
596141
596232
596323
596414
596505
596596
596687
596778
596869
596960
597051
597142
597233
597324
597415
597506
597597
597688
597779
597870
597961
598052
598143
598234
598325
598416
598507
598598
598689
598780
598871
598962
599053
599144
599235
599326
599417
599508
599599
599690
599781
599872
599963
600054
600145
600236
600327
600418
600509
600600
600691
600782
600873
600964
601055
601146
601237
601328
601419
601510
601601
601692
601783
601874
601965
602056
602147
602238
602329
602420
602511
602602
602693
602784
602875
602966
603057
603148
603239
603330
603421
603512
603603
603694
603785
603876
603967
604058
604149
604240
604331
604422
604513
604604
604695
604786
604877
604968
605059
605150
605241
605332
605423
605514
605605
605696
605787
605878
605969
606060
606151
606242
606333
606424
606515
606606
606697
606788
606879
606970
607061
607152
607243
607334
607425
607516
607607
607698
607789
607880
607971
608062
608153
608244
608335
608426
608517
608608
608699
608790
608881
608972
609063
609154
609245
609336
609427
609518
609609
609700
609791
609882
609973
610064
610155
610246
610337
610428
610519
610610
610701
610792
610883
610974
611065
611156
611247
611338
611429
611520
611611
611702
611793
611884
611975
612066
612157
612248
612339
612430
612521
612612
612703
612794
612885
612976
613067
613158
613249
613340
613431
613522
613613
613704
613795
613886
613977
614068
614159
614250
614341
614432
614523
614614
614705
614796
614887
614978
615069
615160
615251
615342
615433
615524
615615
615706
615797
615888
615979
616070
616161
616252
616343
616434
616525
616616
616707
616798
616889
616980
617071
617162
617253
617344
617435
617526
617617
617708
617799
617890
617981
618072
618163
618254
618345
618436
618527
618618
618709
618800
618891
618982
619073
619164
619255
619346
619437
619528
619619
619710
619801
619892
619983
620074
620165
620256
620347
620438
620529
620620
620711
620802
620893
620984
621075
621166
621257
621348
621439
621530
621621
621712
621803
621894
621985
622076
622167
622258
622349
622440
622531
622622
622713
622804
622895
622986
623077
623168
623259
623350
623441
623532
623623
623714
623805
623896
623987
624078
624169
624260
624351
624442
624533
624624
624715
624806
624897
624988
625079
625170
625261
625352
625443
625534
625625
625716
625807
625898
625989
626080
626171
626262
626353
626444
626535
626626
626717
626808
626899
626990
627081
627172
627263
627354
627445
627536
627627
627718
627809
627900
627991
628082
628173
628264
628355
628446
628537
628628
628719
628810
628901
628992
629083
629174
629265
629356
629447
629538
629629
629720
629811
629902
629993
630084
630175
630266
630357
630448
630539
630630
630721
630812
630903
630994
631085
631176
631267
631358
631449
631540
631631
631722
631813
631904
631995
632086
632177
632268
632359
632450
632541
632632
632723
632814
632905
632996
633087
633178
633269
633360
633451
633542
633633
633724
633815
633906
633997
634088
634179
634270
634361
634452
634543
634634
634725
634816
634907
634998
635089
635180
635271
635362
635453
635544
635635
635726
635817
635908
635999
636090
636181
636272
636363
636454
636545
636636
636727
636818
636909
637000
637091
637182
637273
637364
637455
637546
637637
637728
637819
637910
638001
638092
638183
638274
638365
638456
638547
638638
638729
638820
638911
639002
639093
639184
639275
639366
639457
639548
639639
639730
639821
639912
640003
640094
640185
640276
640367
640458
640549
640640
640731
640822
640913
641004
641095
641186
641277
641368
641459
641550
641641
641732
641823
641914
642005
642096
642187
642278
642369
642460
642551
642642
642733
642824
642915
643006
643097
643188
643279
643370
643461
643552
643643
643734
643825
643916
644007
644098
644189
644280
644371
644462
644553
644644
644735
644826
644917
645008
645099
645190
645281
645372
645463
645554
645645
645736
645827
645918
646009
646100
646191
646282
646373
646464
646555
646646
646737
646828
646919
647010
647101
647192
647283
647374
647465
647556
647647
647738
647829
647920
648011
648102
648193
648284
648375
648466
648557
648648
648739
648830
648921
649012
649103
649194
649285
649376
649467
649558
649649
649740
649831
649922
650013
650104
650195
650286
650377
650468
650559
650650
650741
650832
650923
651014
651105
651196
651287
651378
651469
651560
651651
651742
651833
651924
652015
652106
652197
652288
652379
652470
652561
652652
652743
652834
652925
653016
653107
653198
653289
653380
653471
653562
653653
653744
653835
653926
654017
654108
654199
654290
654381
654472
654563
654654
654745
654836
654927
655018
655109
655200
655291
655382
655473
655564
655655
655746
655837
655928
656019
656110
656201
656292
656383
656474
656565
656656
656747
656838
656929
657020
657111
657202
657293
657384
657475
657566
657657
657748
657839
657930
658021
658112
658203
658294
658385
658476
658567
658658
658749
658840
658931
659022
659113
659204
659295
659386
659477
659568
659659
659750
659841
659932
660023
660114
660205
660296
660387
660478
660569
660660
660751
660842
660933
661024
661115
661206
661297
661388
661479
661570
661661
661752
661843
661934
662025
662116
662207
662298
662389
662480
662571
662662
662753
662844
662935
663026
663117
663208
663299
663390
663481
663572
663663
663754
663845
663936
664027
664118
664209
664300
664391
664482
664573
664664
664755
664846
664937
665028
665119
665210
665301
665392
665483
665574
665665
665756
665847
665938
666029
666120
666211
666302
666393
666484
666575
666666
666757
666848
666939
667030
667121
667212
667303
667394
667485
667576
667667
667758
667849
667940
668031
668122
668213
668304
668395
668486
668577
668668
668759
668850
668941
669032
669123
669214
669305
669396
669487
669578
669669
669760
669851
669942
670033
670124
670215
670306
670397
670488
670579
670670
670761
670852
670943
671034
671125
671216
671307
671398
671489
671580
671671
671762
671853
671944
672035
672126
672217
672308
672399
672490
672581
672672
672763
672854
672945
673036
673127
673218
673309
673400
673491
673582
673673
673764
673855
673946
674037
674128
674219
674310
674401
674492
674583
674674
674765
674856
674947
675038
675129
675220
675311
675402
675493
675584
675675
675766
675857
675948
676039
676130
676221
676312
676403
676494
676585
676676
676767
676858
676949
677040
677131
677222
677313
677404
677495
677586
677677
677768
677859
677950
678041
678132
678223
678314
678405
678496
678587
678678
678769
678860
678951
679042
679133
679224
679315
679406
679497
679588
679679
679770
679861
679952
680043
680134
680225
680316
680407
680498
680589
680680
680771
680862
680953
681044
681135
681226
681317
681408
681499
681590
681681
681772
681863
681954
682045
682136
682227
682318
682409
682500
682591
682682
682773
682864
682955
683046
683137
683228
683319
683410
683501
683592
683683
683774
683865
683956
684047
684138
684229
684320
684411
684502
684593
684684
684775
684866
684957
685048
685139
685230
685321
685412
685503
685594
685685
685776
685867
685958
686049
686140
686231
686322
686413
686504
686595
686686
686777
686868
686959
687050
687141
687232
687323
687414
687505
687596
687687
687778
687869
687960
688051
688142
688233
688324
688415
688506
688597
688688
688779
688870
688961
689052
689143
689234
689325
689416
689507
689598
689689
689780
689871
689962
690053
690144
690235
690326
690417
690508
690599
690690
690781
690872
690963
691054
691145
691236
691327
691418
691509
691600
691691
691782
691873
691964
692055
692146
692237
692328
692419
692510
692601
692692
692783
692874
692965
693056
693147
693238
693329
693420
693511
693602
693693
693784
693875
693966
694057
694148
694239
694330
694421
694512
694603
694694
694785
694876
694967
695058
695149
695240
695331
695422
695513
695604
695695
695786
695877
695968
696059
696150
696241
696332
696423
696514
696605
696696
696787
696878
696969
697060
697151
697242
697333
697424
697515
697606
697697
697788
697879
697970
698061
698152
698243
698334
698425
698516
698607
698698
698789
698880
698971
699062
699153
699244
699335
699426
699517
699608
699699
699790
699881
699972
700063
700154
700245
700336
700427
700518
700609
700700
700791
700882
700973
701064
701155
701246
701337
701428
701519
701610
701701
701792
701883
701974
702065
702156
702247
702338
702429
702520
702611
702702
702793
702884
702975
703066
703157
703248
703339
703430
703521
703612
703703
703794
703885
703976
704067
704158
704249
704340
704431
704522
704613
704704
704795
704886
704977
705068
705159
705250
705341
705432
705523
705614
705705
705796
705887
705978
706069
706160
706251
706342
706433
706524
706615
706706
706797
706888
706979
707070
707161
707252
707343
707434
707525
707616
707707
707798
707889
707980
708071
708162
708253
708344
708435
708526
708617
708708
708799
708890
708981
709072
709163
709254
709345
709436
709527
709618
709709
709800
709891
709982
710073
710164
710255
710346
710437
710528
710619
710710
710801
710892
710983
711074
711165
711256
711347
711438
711529
711620
711711
711802
711893
711984
712075
712166
712257
712348
712439
712530
712621
712712
712803
712894
712985
713076
713167
713258
713349
713440
713531
713622
713713
713804
713895
713986
714077
714168
714259
714350
714441
714532
714623
714714
714805
714896
714987
715078
715169
715260
715351
715442
715533
715624
715715
715806
715897
715988
716079
716170
716261
716352
716443
716534
716625
716716
716807
716898
716989
717080
717171
717262
717353
717444
717535
717626
717717
717808
717899
717990
718081
718172
718263
718354
718445
718536
718627
718718
718809
718900
718991
719082
719173
719264
719355
719446
719537
719628
719719
719810
719901
719992
720083
720174
720265
720356
720447
720538
720629
720720
720811
720902
720993
721084
721175
721266
721357
721448
721539
721630
721721
721812
721903
721994
722085
722176
722267
722358
722449
722540
722631
722722
722813
722904
722995
723086
723177
723268
723359
723450
723541
723632
723723
723814
723905
723996
724087
724178
724269
724360
724451
724542
724633
724724
724815
724906
724997
725088
725179
725270
725361
725452
725543
725634
725725
725816
725907
725998
726089
726180
726271
726362
726453
726544
726635
726726
726817
726908
726999
727090
727181
727272
727363
727454
727545
727636
727727
727818
727909
728000
728091
728182
728273
728364
728455
728546
728637
728728
728819
728910
729001
729092
729183
729274
729365
729456
729547
729638
729729
729820
729911
730002
730093
730184
730275
730366
730457
730548
730639
730730
730821
730912
731003
731094
731185
731276
731367
731458
731549
731640
731731
731822
731913
732004
732095
732186
732277
732368
732459
732550
732641
732732
732823
732914
733005
733096
733187
733278
733369
733460
733551
733642
733733
733824
733915
734006
734097
734188
734279
734370
734461
734552
734643
734734
734825
734916
735007
735098
735189
735280
735371
735462
735553
735644
735735
735826
735917
736008
736099
736190
736281
736372
736463
736554
736645
736736
736827
736918
737009
737100
737191
737282
737373
737464
737555
737646
737737
737828
737919
738010
738101
738192
738283
738374
738465
738556
738647
738738
738829
738920
739011
739102
739193
739284
739375
739466
739557
739648
739739
739830
739921
740012
740103
740194
740285
740376
740467
740558
740649
740740
740831
740922
741013
741104
741195
741286
741377
741468
741559
741650
741741
741832
741923
742014
742105
742196
742287
742378
742469
742560
742651
742742
742833
742924
743015
743106
743197
743288
743379
743470
743561
743652
743743
743834
743925
744016
744107
744198
744289
744380
744471
744562
744653
744744
744835
744926
745017
745108
745199
745290
745381
745472
745563
745654
745745
745836
745927
746018
746109
746200
746291
746382
746473
746564
746655
746746
746837
746928
747019
747110
747201
747292
747383
747474
747565
747656
747747
747838
747929
748020
748111
748202
748293
748384
748475
748566
748657
748748
748839
748930
749021
749112
749203
749294
749385
749476
749567
749658
749749
749840
749931
750022
750113
750204
750295
750386
750477
750568
750659
750750
750841
750932
751023
751114
751205
751296
751387
751478
751569
751660
751751
751842
751933
752024
752115
752206
752297
752388
752479
752570
752661
752752
752843
752934
753025
753116
753207
753298
753389
753480
753571
753662
753753
753844
753935
754026
754117
754208
754299
754390
754481
754572
754663
754754
754845
754936
755027
755118
755209
755300
755391
755482
755573
755664
755755
755846
755937
756028
756119
756210
756301
756392
756483
756574
756665
756756
756847
756938
757029
757120
757211
757302
757393
757484
757575
757666
757757
757848
757939
758030
758121
758212
758303
758394
758485
758576
758667
758758
758849
758940
759031
759122
759213
759304
759395
759486
759577
759668
759759
759850
759941
760032
760123
760214
760305
760396
760487
760578
760669
760760
760851
760942
761033
761124
761215
761306
761397
761488
761579
761670
761761
761852
761943
762034
762125
762216
762307
762398
762489
762580
762671
762762
762853
762944
763035
763126
763217
763308
763399
763490
763581
763672
763763
763854
763945
764036
764127
764218
764309
764400
764491
764582
764673
764764
764855
764946
765037
765128
765219
765310
765401
765492
765583
765674
765765
765856
765947
766038
766129
766220
766311
766402
766493
766584
766675
766766
766857
766948
767039
767130
767221
767312
767403
767494
767585
767676
767767
767858
767949
768040
768131
768222
768313
768404
768495
768586
768677
768768
768859
768950
769041
769132
769223
769314
769405
769496
769587
769678
769769
769860
769951
770042
770133
770224
770315
770406
770497
770588
770679
770770
770861
770952
771043
771134
771225
771316
771407
771498
771589
771680
771771
771862
771953
772044
772135
772226
772317
772408
772499
772590
772681
772772
772863
772954
773045
773136
773227
773318
773409
773500
773591
773682
773773
773864
773955
774046
774137
774228
774319
774410
774501
774592
774683
774774
774865
774956
775047
775138
775229
775320
775411
775502
775593
775684
775775
775866
775957
776048
776139
776230
776321
776412
776503
776594
776685
776776
776867
776958
777049
777140
777231
777322
777413
777504
777595
777686
777777
777868
777959
778050
778141
778232
778323
778414
778505
778596
778687
778778
778869
778960
779051
779142
779233
779324
779415
779506
779597
779688
779779
779870
779961
780052
780143
780234
780325
780416
780507
780598
780689
780780
780871
780962
781053
781144
781235
781326
781417
781508
781599
781690
781781
781872
781963
782054
782145
782236
782327
782418
782509
782600
782691
782782
782873
782964
783055
783146
783237
783328
783419
783510
783601
783692
783783
783874
783965
784056
784147
784238
784329
784420
784511
784602
784693
784784
784875
784966
785057
785148
785239
785330
785421
785512
785603
785694
785785
785876
785967
786058
786149
786240
786331
786422
786513
786604
786695
786786
786877
786968
787059
787150
787241
787332
787423
787514
787605
787696
787787
787878
787969
788060
788151
788242
788333
788424
788515
788606
788697
788788
788879
788970
789061
789152
789243
789334
789425
789516
789607
789698
789789
789880
789971
790062
790153
790244
790335
790426
790517
790608
790699
790790
790881
790972
791063
791154
791245
791336
791427
791518
791609
791700
791791
791882
791973
792064
792155
792246
792337
792428
792519
792610
792701
792792
792883
792974
793065
793156
793247
793338
793429
793520
793611
793702
793793
793884
793975
794066
794157
794248
794339
794430
794521
794612
794703
794794
794885
794976
795067
795158
795249
795340
795431
795522
795613
795704
795795
795886
795977
796068
796159
796250
796341
796432
796523
796614
796705
796796
796887
796978
797069
797160
797251
797342
797433
797524
797615
797706
797797
797888
797979
798070
798161
798252
798343
798434
798525
798616
798707
798798
798889
798980
799071
799162
799253
799344
799435
799526
799617
799708
799799
799890
799981
800072
800163
800254
800345
800436
800527
800618
800709
800800
800891
800982
801073
801164
801255
801346
801437
801528
801619
801710
801801
801892
801983
802074
802165
802256
802347
802438
802529
802620
802711
802802
802893
802984
803075
803166
803257
803348
803439
803530
803621
803712
803803
803894
803985
804076
804167
804258
804349
804440
804531
804622
804713
804804
804895
804986
805077
805168
805259
805350
805441
805532
805623
805714
805805
805896
805987
806078
806169
806260
806351
806442
806533
806624
806715
806806
806897
806988
807079
807170
807261
807352
807443
807534
807625
807716
807807
807898
807989
808080
808171
808262
808353
808444
808535
808626
808717
808808
808899
808990
809081
809172
809263
809354
809445
809536
809627
809718
809809
809900
809991
810082
810173
810264
810355
810446
810537
810628
810719
810810
810901
810992
811083
811174
811265
811356
811447
811538
811629
811720
811811
811902
811993
812084
812175
812266
812357
812448
812539
812630
812721
812812
812903
812994
813085
813176
813267
813358
813449
813540
813631
813722
813813
813904
813995
814086
814177
814268
814359
814450
814541
814632
814723
814814
814905
814996
815087
815178
815269
815360
815451
815542
815633
815724
815815
815906
815997
816088
816179
816270
816361
816452
816543
816634
816725
816816
816907
816998
817089
817180
817271
817362
817453
817544
817635
817726
817817
817908
817999
818090
818181
818272
818363
818454
818545
818636
818727
818818
818909
819000
819091
819182
819273
819364
819455
819546
819637
819728
819819
819910
820001
820092
820183
820274
820365
820456
820547
820638
820729
820820
820911
821002
821093
821184
821275
821366
821457
821548
821639
821730
821821
821912
822003
822094
822185
822276
822367
822458
822549
822640
822731
822822
822913
823004
823095
823186
823277
823368
823459
823550
823641
823732
823823
823914
824005
824096
824187
824278
824369
824460
824551
824642
824733
824824
824915
825006
825097
825188
825279
825370
825461
825552
825643
825734
825825
825916
826007
826098
826189
826280
826371
826462
826553
826644
826735
826826
826917
827008
827099
827190
827281
827372
827463
827554
827645
827736
827827
827918
828009
828100
828191
828282
828373
828464
828555
828646
828737
828828
828919
829010
829101
829192
829283
829374
829465
829556
829647
829738
829829
829920
830011
830102
830193
830284
830375
830466
830557
830648
830739
830830
830921
831012
831103
831194
831285
831376
831467
831558
831649
831740
831831
831922
832013
832104
832195
832286
832377
832468
832559
832650
832741
832832
832923
833014
833105
833196
833287
833378
833469
833560
833651
833742
833833
833924
834015
834106
834197
834288
834379
834470
834561
834652
834743
834834
834925
835016
835107
835198
835289
835380
835471
835562
835653
835744
835835
835926
836017
836108
836199
836290
836381
836472
836563
836654
836745
836836
836927
837018
837109
837200
837291
837382
837473
837564
837655
837746
837837
837928
838019
838110
838201
838292
838383
838474
838565
838656
838747
838838
838929
839020
839111
839202
839293
839384
839475
839566
839657
839748
839839
839930
840021
840112
840203
840294
840385
840476
840567
840658
840749
840840
840931
841022
841113
841204
841295
841386
841477
841568
841659
841750
841841
841932
842023
842114
842205
842296
842387
842478
842569
842660
842751
842842
842933
843024
843115
843206
843297
843388
843479
843570
843661
843752
843843
843934
844025
844116
844207
844298
844389
844480
844571
844662
844753
844844
844935
845026
845117
845208
845299
845390
845481
845572
845663
845754
845845
845936
846027
846118
846209
846300
846391
846482
846573
846664
846755
846846
846937
847028
847119
847210
847301
847392
847483
847574
847665
847756
847847
847938
848029
848120
848211
848302
848393
848484
848575
848666
848757
848848
848939
849030
849121
849212
849303
849394
849485
849576
849667
849758
849849
849940
850031
850122
850213
850304
850395
850486
850577
850668
850759
850850
850941
851032
851123
851214
851305
851396
851487
851578
851669
851760
851851
851942
852033
852124
852215
852306
852397
852488
852579
852670
852761
852852
852943
853034
853125
853216
853307
853398
853489
853580
853671
853762
853853
853944
854035
854126
854217
854308
854399
854490
854581
854672
854763
854854
854945
855036
855127
855218
855309
855400
855491
855582
855673
855764
855855
855946
856037
856128
856219
856310
856401
856492
856583
856674
856765
856856
856947
857038
857129
857220
857311
857402
857493
857584
857675
857766
857857
857948
858039
858130
858221
858312
858403
858494
858585
858676
858767
858858
858949
859040
859131
859222
859313
859404
859495
859586
859677
859768
859859
859950
860041
860132
860223
860314
860405
860496
860587
860678
860769
860860
860951
861042
861133
861224
861315
861406
861497
861588
861679
861770
861861
861952
862043
862134
862225
862316
862407
862498
862589
862680
862771
862862
862953
863044
863135
863226
863317
863408
863499
863590
863681
863772
863863
863954
864045
864136
864227
864318
864409
864500
864591
864682
864773
864864
864955
865046
865137
865228
865319
865410
865501
865592
865683
865774
865865
865956
866047
866138
866229
866320
866411
866502
866593
866684
866775
866866
866957
867048
867139
867230
867321
867412
867503
867594
867685
867776
867867
867958
868049
868140
868231
868322
868413
868504
868595
868686
868777
868868
868959
869050
869141
869232
869323
869414
869505
869596
869687
869778
869869
869960
870051
870142
870233
870324
870415
870506
870597
870688
870779
870870
870961
871052
871143
871234
871325
871416
871507
871598
871689
871780
871871
871962
872053
872144
872235
872326
872417
872508
872599
872690
872781
872872
872963
873054
873145
873236
873327
873418
873509
873600
873691
873782
873873
873964
874055
874146
874237
874328
874419
874510
874601
874692
874783
874874
874965
875056
875147
875238
875329
875420
875511
875602
875693
875784
875875
875966
876057
876148
876239
876330
876421
876512
876603
876694
876785
876876
876967
877058
877149
877240
877331
877422
877513
877604
877695
877786
877877
877968
878059
878150
878241
878332
878423
878514
878605
878696
878787
878878
878969
879060
879151
879242
879333
879424
879515
879606
879697
879788
879879
879970
880061
880152
880243
880334
880425
880516
880607
880698
880789
880880
880971
881062
881153
881244
881335
881426
881517
881608
881699
881790
881881
881972
882063
882154
882245
882336
882427
882518
882609
882700
882791
882882
882973
883064
883155
883246
883337
883428
883519
883610
883701
883792
883883
883974
884065
884156
884247
884338
884429
884520
884611
884702
884793
884884
884975
885066
885157
885248
885339
885430
885521
885612
885703
885794
885885
885976
886067
886158
886249
886340
886431
886522
886613
886704
886795
886886
886977
887068
887159
887250
887341
887432
887523
887614
887705
887796
887887
887978
888069
888160
888251
888342
888433
888524
888615
888706
888797
888888
888979
889070
889161
889252
889343
889434
889525
889616
889707
889798
889889
889980
890071
890162
890253
890344
890435
890526
890617
890708
890799
890890
890981
891072
891163
891254
891345
891436
891527
891618
891709
891800
891891
891982
892073
892164
892255
892346
892437
892528
892619
892710
892801
892892
892983
893074
893165
893256
893347
893438
893529
893620
893711
893802
893893
893984
894075
894166
894257
894348
894439
894530
894621
894712
894803
894894
894985
895076
895167
895258
895349
895440
895531
895622
895713
895804
895895
895986
896077
896168
896259
896350
896441
896532
896623
896714
896805
896896
896987
897078
897169
897260
897351
897442
897533
897624
897715
897806
897897
897988
898079
898170
898261
898352
898443
898534
898625
898716
898807
898898
898989
899080
899171
899262
899353
899444
899535
899626
899717
899808
899899
899990
900081
900172
900263
900354
900445
900536
900627
900718
900809
900900
900991
901082
901173
901264
901355
901446
901537
901628
901719
901810
901901
901992
902083
902174
902265
902356
902447
902538
902629
902720
902811
902902
902993
903084
903175
903266
903357
903448
903539
903630
903721
903812
903903
903994
904085
904176
904267
904358
904449
904540
904631
904722
904813
904904
904995
905086
905177
905268
905359
905450
905541
905632
905723
905814
905905
905996
906087
906178
906269
906360
906451
906542
906633
906724
906815
906906
906997
907088
907179
907270
907361
907452
907543
907634
907725
907816
907907
907998
908089
908180
908271
908362
908453
908544
908635
908726
908817
908908
908999
909090
909181
909272
909363
909454
909545
909636
909727
909818
909909
910000
910091
910182
910273
910364
910455
910546
910637
910728
910819
910910
911001
911092
911183
911274
911365
911456
911547
911638
911729
911820
911911
912002
912093
912184
912275
912366
912457
912548
912639
912730
912821
912912
913003
913094
913185
913276
913367
913458
913549
913640
913731
913822
913913
914004
914095
914186
914277
914368
914459
914550
914641
914732
914823
914914
915005
915096
915187
915278
915369
915460
915551
915642
915733
915824
915915
916006
916097
916188
916279
916370
916461
916552
916643
916734
916825
916916
917007
917098
917189
917280
917371
917462
917553
917644
917735
917826
917917
918008
918099
918190
918281
918372
918463
918554
918645
918736
918827
918918
919009
919100
919191
919282
919373
919464
919555
919646
919737
919828
919919
920010
920101
920192
920283
920374
920465
920556
920647
920738
920829
920920
921011
921102
921193
921284
921375
921466
921557
921648
921739
921830
921921
922012
922103
922194
922285
922376
922467
922558
922649
922740
922831
922922
923013
923104
923195
923286
923377
923468
923559
923650
923741
923832
923923
924014
924105
924196
924287
924378
924469
924560
924651
924742
924833
924924
925015
925106
925197
925288
925379
925470
925561
925652
925743
925834
925925
926016
926107
926198
926289
926380
926471
926562
926653
926744
926835
926926
927017
927108
927199
927290
927381
927472
927563
927654
927745
927836
927927
928018
928109
928200
928291
928382
928473
928564
928655
928746
928837
928928
929019
929110
929201
929292
929383
929474
929565
929656
929747
929838
929929
930020
930111
930202
930293
930384
930475
930566
930657
930748
930839
930930
931021
931112
931203
931294
931385
931476
931567
931658
931749
931840
931931
932022
932113
932204
932295
932386
932477
932568
932659
932750
932841
932932
933023
933114
933205
933296
933387
933478
933569
933660
933751
933842
933933
934024
934115
934206
934297
934388
934479
934570
934661
934752
934843
934934
935025
935116
935207
935298
935389
935480
935571
935662
935753
935844
935935
936026
936117
936208
936299
936390
936481
936572
936663
936754
936845
936936
937027
937118
937209
937300
937391
937482
937573
937664
937755
937846
937937
938028
938119
938210
938301
938392
938483
938574
938665
938756
938847
938938
939029
939120
939211
939302
939393
939484
939575
939666
939757
939848
939939
940030
940121
940212
940303
940394
940485
940576
940667
940758
940849
940940
941031
941122
941213
941304
941395
941486
941577
941668
941759
941850
941941
942032
942123
942214
942305
942396
942487
942578
942669
942760
942851
942942
943033
943124
943215
943306
943397
943488
943579
943670
943761
943852
943943
944034
944125
944216
944307
944398
944489
944580
944671
944762
944853
944944
945035
945126
945217
945308
945399
945490
945581
945672
945763
945854
945945
946036
946127
946218
946309
946400
946491
946582
946673
946764
946855
946946
947037
947128
947219
947310
947401
947492
947583
947674
947765
947856
947947
948038
948129
948220
948311
948402
948493
948584
948675
948766
948857
948948
949039
949130
949221
949312
949403
949494
949585
949676
949767
949858
949949
950040
950131
950222
950313
950404
950495
950586
950677
950768
950859
950950
951041
951132
951223
951314
951405
951496
951587
951678
951769
951860
951951
952042
952133
952224
952315
952406
952497
952588
952679
952770
952861
952952
953043
953134
953225
953316
953407
953498
953589
953680
953771
953862
953953
954044
954135
954226
954317
954408
954499
954590
954681
954772
954863
954954
955045
955136
955227
955318
955409
955500
955591
955682
955773
955864
955955
956046
956137
956228
956319
956410
956501
956592
956683
956774
956865
956956
957047
957138
957229
957320
957411
957502
957593
957684
957775
957866
957957
958048
958139
958230
958321
958412
958503
958594
958685
958776
958867
958958
959049
959140
959231
959322
959413
959504
959595
959686
959777
959868
959959
960050
960141
960232
960323
960414
960505
960596
960687
960778
960869
960960
961051
961142
961233
961324
961415
961506
961597
961688
961779
961870
961961
962052
962143
962234
962325
962416
962507
962598
962689
962780
962871
962962
963053
963144
963235
963326
963417
963508
963599
963690
963781
963872
963963
964054
964145
964236
964327
964418
964509
964600
964691
964782
964873
964964
965055
965146
965237
965328
965419
965510
965601
965692
965783
965874
965965
966056
966147
966238
966329
966420
966511
966602
966693
966784
966875
966966
967057
967148
967239
967330
967421
967512
967603
967694
967785
967876
967967
968058
968149
968240
968331
968422
968513
968604
968695
968786
968877
968968
969059
969150
969241
969332
969423
969514
969605
969696
969787
969878
969969
970060
970151
970242
970333
970424
970515
970606
970697
970788
970879
970970
971061
971152
971243
971334
971425
971516
971607
971698
971789
971880
971971
972062
972153
972244
972335
972426
972517
972608
972699
972790
972881
972972
973063
973154
973245
973336
973427
973518
973609
973700
973791
973882
973973
974064
974155
974246
974337
974428
974519
974610
974701
974792
974883
974974
975065
975156
975247
975338
975429
975520
975611
975702
975793
975884
975975
976066
976157
976248
976339
976430
976521
976612
976703
976794
976885
976976
977067
977158
977249
977340
977431
977522
977613
977704
977795
977886
977977
978068
978159
978250
978341
978432
978523
978614
978705
978796
978887
978978
979069
979160
979251
979342
979433
979524
979615
979706
979797
979888
979979
980070
980161
980252
980343
980434
980525
980616
980707
980798
980889
980980
981071
981162
981253
981344
981435
981526
981617
981708
981799
981890
981981
982072
982163
982254
982345
982436
982527
982618
982709
982800
982891
982982
983073
983164
983255
983346
983437
983528
983619
983710
983801
983892
983983
984074
984165
984256
984347
984438
984529
984620
984711
984802
984893
984984
985075
985166
985257
985348
985439
985530
985621
985712
985803
985894
985985
986076
986167
986258
986349
986440
986531
986622
986713
986804
986895
986986
987077
987168
987259
987350
987441
987532
987623
987714
987805
987896
987987
988078
988169
988260
988351
988442
988533
988624
988715
988806
988897
988988
989079
989170
989261
989352
989443
989534
989625
989716
989807
989898
989989
990080
990171
990262
990353
990444
990535
990626
990717
990808
990899
990990
991081
991172
991263
991354
991445
991536
991627
991718
991809
991900
991991
992082
992173
992264
992355
992446
992537
992628
992719
992810
992901
992992
993083
993174
993265
993356
993447
993538
993629
993720
993811
993902
993993
994084
994175
994266
994357
994448
994539
994630
994721
994812
994903
994994
995085
995176
995267
995358
995449
995540
995631
995722
995813
995904
995995
996086
996177
996268
996359
996450
996541
996632
996723
996814
996905
996996
997087
997178
997269
997360
997451
997542
997633
997724
997815
997906
997997
998088
998179
998270
998361
998452
998543
998634
998725
998816
998907
998998
999089
999180
999271
999362
999453
999544
999635
999726
999817
999908
999999
